3 0.45605095541401275 0.26041027585976106 0.5987261146496815 0.26041027585976106 0.5987261146496815 0.4347719388267315 0.45605095541401275 0.4347719388267315
3 0.3363057324840764 0.22191484377614418 0.4191082802547771 0.22191484377614418 0.4191082802547771 0.36457438620366545 0.3363057324840764 0.36457438620366545
3 0.6114649681528662 0.03849543208361685 0.7248407643312101 0.03849543208361685 0.7248407643312101 0.1381306680647428 0.6114649681528662 0.1381306680647428
3 0.18089171974522292 0.31249233103171326 0.24713375796178347 0.31249233103171326 0.24713375796178347 0.5321427376264682 0.18089171974522292 0.5321427376264682
3 0.2700636942675159 0.2536169643155934 0.3248407643312101 0.2536169643155934 0.3248407643312101 0.4642096221847914 0.2700636942675159 0.4642096221847914
3 0.3057324840764331 0.5162916773567436 0.39235668789808914 0.5162916773567436 0.39235668789808914 0.7178265865003849 0.3057324840764331 0.7178265865003849
3 0.3694267515923567 0.7268843352259416 0.4624203821656051 0.7268843352259416 0.4624203821656051 0.8853949379231875 0.3694267515923567 0.8853949379231875
3 0.4929936305732484 0.6181913505192588 0.556687898089172 0.6181913505192588 0.556687898089172 0.8582216917465169 0.4929936305732484 0.8582216917465169
3 0.052229299363057334 0.26720358740392874 0.1515923566878981 0.26720358740392874 0.1515923566878981 0.46873849654756994 0.052229299363057334 0.46873849654756994
3 0.006369426751592358 0.5072339286311868 0.12356687898089172 0.5072339286311868 0.12356687898089172 0.6883889031423249 0.006369426751592358 0.6883889031423249
3 0.07261146496815286 0.7359420839514986 0.1719745222929936 0.7359420839514986 0.1719745222929936 0.8876593751045767 0.07261146496815286 0.8876593751045767
3 0.1885350318471338 0.7087688377748279 0.2942675159235669 0.7087688377748279 0.2942675159235669 0.910303746918469 0.1885350318471338 0.910303746918469
3 0.32101910828025476 0.09510636161834751 0.41401273885350326 0.09510636161834751 0.41401273885350326 0.1811549745111381 0.32101910828025476 0.1811549745111381
0 0.7694267515923567 0.46873849654756994 0.8496815286624204 0.46873849654756994 0.8496815286624204 0.6929177775051033 0.7694267515923567 0.6929177775051033
3 0.467515923566879 0.004528874362778453 0.5898089171974522 0.004528874362778453 0.5898089171974522 0.09510636161834754 0.467515923566879 0.09510636161834754
