3 0.08691358024691358 0.8409090909090909 0.14530864197530863 0.8409090909090909 0.14530864197530863 0.9924242424242425 0.08691358024691358 0.9924242424242425
3 0.04074074074074074 0.2676767676767676 0.1385185185185185 0.2676767676767676 0.1385185185185185 0.38383838383838376 0.04074074074074074 0.38383838383838376
3 0.12358024691358022 0.5353535353535352 0.24987654320987654 0.5353535353535352 0.24987654320987654 0.6287878787878787 0.12358024691358022 0.6287878787878787
3 0.13580246913580246 0.022727272727272728 0.2145679012345679 0.022727272727272728 0.2145679012345679 0.10353535353535352 0.13580246913580246 0.10353535353535352
3 0.17518518518518547 0.1111111111111111 0.2539506172839506 0.1111111111111111 0.2539506172839506 0.255050505050505 0.17518518518518547 0.255050505050505
3 0.6206172839506172 0.48484848484848486 0.6844444444444443 0.48484848484848486 0.6844444444444443 0.6818181818181818 0.6206172839506172 0.6818181818181818
3 0.5459259259259259 0.8737373737373737 0.6477777777777777 0.8737373737373737 0.6477777777777777 0.9797979797979798 0.5459259259259259 0.9797979797979798
3 0.8066666666666665 0.3207070707070707 0.8582716049382716 0.3207070707070707 0.8582716049382716 0.46969696969696967 0.8066666666666665 0.46969696969696967
3 0.7048148148148148 0.17424242424242425 0.7523456790123455 0.17424242424242425 0.7523456790123455 0.3383838383838384 0.7048148148148148 0.3383838383838384
3 0.9737037037037038 0.37373737373737376 1.0 0.37373737373737376 1.0 0.5580808080808081 0.9737037037037038 0.5580808080808081
3 0.6111111111111112 0.13636363636363635 0.6993827160493828 0.13636363636363635 0.6993827160493828 0.24242424242424243 0.6111111111111112 0.24242424242424243
3 0.46444444444444444 0.04040404040404041 0.5554320987654321 0.04040404040404041 0.5554320987654321 0.1212121212121212 0.46444444444444444 0.1212121212121212
3 0.4603703703703704 0.41414141414141414 0.5201234567901234 0.41414141414141414 0.5201234567901234 0.6161616161616161 0.4603703703703704 0.6161616161616161
3 0.5201234567901234 0.34595959595959597 0.6124691358024691 0.34595959595959597 0.6124691358024691 0.4393939393939394 0.5201234567901234 0.4393939393939394
3 0.6206172839506172 0.010101010101010102 0.6885185185185186 0.010101010101010102 0.6885185185185186 0.07323232323232323 0.6206172839506172 0.07323232323232323
