3 0.37834394904458596 0.7322554303446025 0.4152866242038217 0.7322554303446025 0.4152866242038217 0.7766345473351844 0.37834394904458596 0.7766345473351844
3 0.4445859872611465 0.7122848276988405 0.47643312101910834 0.7122848276988405 0.47643312101910834 0.7588829005389515 0.4445859872611465 0.7588829005389515
3 0.3910828025477707 0.6479351080624967 0.41910828025477703 0.6479351080624967 0.41910828025477703 0.6900952692035495 0.3910828025477707 0.6900952692035495
3 0.35286624203821654 0.588023300125211 0.3885350318471337 0.588023300125211 0.3885350318471337 0.6301834612662638 0.35286624203821654 0.6301834612662638
3 0.4178343949044587 0.5769285208775655 0.4318471337579618 0.5769285208775655 0.4318471337579618 0.6102128586205019 0.4178343949044587 0.6102128586205019
3 0.3248407643312102 0.5014840219935761 0.3490445859872611 0.5014840219935761 0.3490445859872611 0.5347683597365126 0.3248407643312102 0.5347683597365126
3 0.29044585987261146 0.6368403288148511 0.31082802547770694 0.6368403288148511 0.31082802547770694 0.659029887310142 0.29044585987261146 0.659029887310142
3 0.9070063694267516 0.8720496488649355 0.9261146496815288 0.8720496488649355 0.9261146496815288 0.9186477217050467 0.9070063694267516 0.9186477217050467
3 0.5312101910828025 0.5902422559747401 0.5668789808917197 0.5902422559747401 0.5668789808917197 0.6324024171157929 0.5312101910828025 0.6324024171157929
3 0.6089171974522293 0.5858043442756818 0.6242038216560509 0.5858043442756818 0.6242038216560509 0.6102128586205019 0.6089171974522293 0.6102128586205019
3 0.43694267515923574 0.5480820948336872 0.45987261146496816 0.5480820948336872 0.45987261146496816 0.5769285208775654 0.43694267515923574 0.5769285208775654
3 0.4687898089171975 0.5547389623822745 0.49044585987261147 0.5547389623822745 0.49044585987261147 0.5902422559747402 0.4687898089171975 0.5902422559747402
3 0.40254777070063696 0.3594708476237139 0.42292993630573245 0.3594708476237139 0.42292993630573245 0.3949741412161794 0.40254777070063696 0.3949741412161794
3 0.41146496815286626 0.4659807284011106 0.4382165605095542 0.4659807284011106 0.4382165605095542 0.49482715444498887 0.41146496815286626 0.49482715444498887
3 0.30318471337579617 0.4415722140562905 0.33375796178343947 0.4415722140562905 0.33375796178343947 0.4837323751973434 0.30318471337579617 0.4837323751973434
3 0.45095541401273886 0.5147977570907507 0.4687898089171975 0.5147977570907507 0.4687898089171975 0.543644183134629 0.45095541401273886 0.543644183134629
3 0.4726114649681529 0.35059502422559746 0.49808917197452235 0.35059502422559746 0.49808917197452235 0.39275518536665033 0.4726114649681529 0.39275518536665033
3 0.5681528662420382 0.5369873155860417 0.5923566878980892 0.5369873155860417 0.5923566878980892 0.5702716533289782 0.5681528662420382 0.5702716533289782
3 0.5872611464968153 0.49260819859545973 0.6038216560509553 0.49260819859545973 0.6038216560509553 0.5258925363383962 0.5872611464968153 0.5258925363383962
3 0.4993630573248408 0.4371343023572323 0.5171974522292994 0.4371343023572323 0.5171974522292994 0.47041864010016865 0.4993630573248408 0.47041864010016865
3 0.4713375796178344 0.4349153465077032 0.4955414012738854 0.4349153465077032 0.4955414012738854 0.4748565517992269 0.4713375796178344 0.4748565517992269
3 0.4407643312101911 0.3284054657303065 0.47006369426751593 0.3284054657303065 0.47006369426751593 0.36390875932277206 0.4407643312101911 0.36390875932277206
3 0.5363057324840764 0.36612771517230125 0.551592356687898 0.36612771517230125 0.551592356687898 0.3883172736675922 0.5363057324840764 0.3883172736675922
3 0.5261146496815287 0.4371343023572323 0.5490445859872611 0.4371343023572323 0.5490445859872611 0.4792944634982852 0.5261146496815287 0.4792944634982852
3 0.38980891719745225 0.2551799226958463 0.40382165605095544 0.2551799226958463 0.40382165605095544 0.2884642604387827 0.38980891719745225 0.2884642604387827
3 0.578343949044586 0.44379116990581957 0.5961783439490446 0.44379116990581957 0.5961783439490446 0.4726375959496978 0.578343949044586 0.4726375959496978
3 0.5668789808917197 0.3860983178180631 0.5885350318471338 0.3860983178180631 0.5885350318471338 0.4127257880124123 0.5668789808917197 0.4127257880124123
3 0.5643312101910828 0.5014840219935761 0.5821656050955414 0.5014840219935761 0.5821656050955414 0.5347683597365126 0.5643312101910828 0.5347683597365126
3 0.44713375796178345 0.26183679024443357 0.46878980891719746 0.26183679024443357 0.46878980891719746 0.29734008383689914 0.44713375796178345 0.29734008383689914
3 0.6700636942675159 0.6390592846643802 0.6917197452229299 0.6390592846643802 0.6917197452229299 0.6723436224073167 0.6700636942675159 0.6723436224073167
3 0.6573248407643313 0.5125788012412217 0.6828025477707006 0.5125788012412217 0.6828025477707006 0.5503010506832163 0.6573248407643313 0.5503010506832163
3 0.643312101910828 0.3949741412161794 0.6751592356687898 0.3949741412161794 0.6751592356687898 0.43047743480864503 0.643312101910828 0.43047743480864503
3 0.5579617834394904 0.4659807284011106 0.5783439490445861 0.4659807284011106 0.5783439490445861 0.4903892427459307 0.5579617834394904 0.4903892427459307
3 0.5426751592356688 0.3150917306331319 0.5656050955414014 0.3150917306331319 0.5656050955414014 0.34837606837606844 0.5426751592356688 0.34837606837606844
3 0.45605095541401275 0.47041864010016865 0.48407643312101906 0.47041864010016865 0.48407643312101906 0.5170167129402797 0.45605095541401275 0.5170167129402797
3 0.44713375796178345 0.49926506614404703 0.4802547770700636 0.49926506614404703 0.4802547770700636 0.5236735804888671 0.44713375796178345 0.5236735804888671
3 0.43439490445859874 0.13535630682127497 0.4611464968152866 0.13535630682127497 0.4611464968152866 0.17529751211279873 0.43439490445859874 0.17529751211279873
3 0.5668789808917197 0.41716369971147044 0.5885350318471338 0.41716369971147044 0.5885350318471338 0.43491534650770314 0.5668789808917197 0.43491534650770314
3 0.5910828025477707 0.41716369971147044 0.6101910828025477 0.41716369971147044 0.6101910828025477 0.4504480374544068 0.5910828025477707 0.4504480374544068
3 0.5885350318471337 0.339500244977952 0.6025477707006368 0.339500244977952 0.6025477707006368 0.37278458272088844 0.5885350318471337 0.37278458272088844
3 0.3694267515923567 0.2329903642005553 0.38726114649681537 0.2329903642005553 0.38726114649681537 0.26849365779302087 0.3694267515923567 0.26849365779302087
3 0.4573248407643312 0.2995590396864282 0.48152866242038217 0.2995590396864282 0.48152866242038217 0.33728128912842287 0.4573248407643312 0.33728128912842287
