2 0.04086652078774617 0.4682713347921225 0.13281619256017507 0.4682713347921225 0.13281619256017507 0.6520787746170679 0.04086652078774617 0.6520787746170679
2 0.2597943107221007 0.0962800875273523 0.39844857768052516 0.0962800875273523 0.39844857768052516 0.22538293216630198 0.2597943107221007 0.22538293216630198
2 0.18535886214442013 0.38293216630196936 0.32693216630196936 0.38293216630196936 0.32693216630196936 0.4617067833698031 0.18535886214442013 0.4617067833698031
2 0.8041947483588622 0.17943107221006568 0.891765864332604 0.17943107221006568 0.891765864332604 0.424507658643326 0.8041947483588622 0.424507658643326
2 0.5633741794310722 0.6017505470459519 0.6553238512035011 0.6017505470459519 0.6553238512035011 0.7943107221006565 0.5633741794310722 0.7943107221006565
2 0.7282997811816193 0.7811816192560176 0.8844682713347922 0.7811816192560176 0.8844682713347922 0.8730853391684902 0.7282997811816193 0.8730853391684902
2 0.30066083150984685 0.5382932166301969 0.3867724288840263 0.5382932166301969 0.3867724288840263 0.7221006564551422 0.30066083150984685 0.7221006564551422
2 0.5487789934354486 0.17943107221006568 0.6713785557986871 0.17943107221006568 0.6713785557986871 0.27571115973741794 0.5487789934354486 0.27571115973741794
2 0.007297592997811817 0.6717724288840262 0.1182210065645514 0.6717724288840262 0.1182210065645514 0.7549234135667396 0.007297592997811817 0.7549234135667396
2 0.24811816192560174 0.2778993435448578 0.40574617067833696 0.2778993435448578 0.40574617067833696 0.33698030634573306 0.24811816192560174 0.33698030634573306
2 0.5327242888402626 0.888402625820569 0.6757571115973743 0.888402625820569 0.6757571115973743 0.975929978118162 0.5327242888402626 0.975929978118162
2 0.422397514176337 0.8916530744043416 0.5276045186617538 0.746373666188877 0.5671560963269437 0.8107539277838453 0.461949091841527 0.95603333599931
2 0.4851568139575185 0.9091585448638604 0.5903638184429353 0.7638791366483957 0.6299153961081253 0.8282593982433639 0.5247083916227084 0.9735388064588286
2 0.39261050328227576 0.6170678336980306 0.5356433260393875 0.6170678336980306 0.5356433260393875 0.7045951859956237 0.39261050328227576 0.7045951859956237
2 0.45099124726477025 0.40700218818380746 0.5429409190371991 0.40700218818380746 0.5429409190371991 0.5995623632385121 0.45099124726477025 0.5995623632385121
