3 0.23609226594301225 0.28348517154487307 0.3215739484396201 0.28348517154487307 0.3215739484396201 0.5475867416165924 0.23609226594301225 0.5475867416165924
3 0.30393487109905015 0.6687342508238027 0.35956580732700144 0.6687342508238027 0.35956580732700144 0.8819538670284934 0.30393487109905015 0.8819538670284934
3 0.8588873812754412 0.7801899592944369 0.9687924016282227 0.7801899592944369 0.9687924016282227 0.9691800736576857 0.8588873812754412 0.9691800736576857
3 0.2632293080054274 0.6735801511920911 0.3188602442333786 0.6735801511920911 0.3188602442333786 0.886799767396782 0.2632293080054274 0.886799767396782
3 0.2550881953867028 0.5088195386702845 0.3107191316146541 0.5088195386702845 0.3107191316146541 0.7220391548749754 0.2550881953867028 0.7220391548749754
3 0.869742198100407 0.4288621825935255 0.9253731343283582 0.4288621825935255 0.9253731343283582 0.6420817987982164 0.869742198100407 0.6420817987982164
3 0.7218453188602443 0.5718162434580345 0.8344640434192673 0.5718162434580345 0.8344640434192673 0.7317309556115527 0.7218453188602443 0.7317309556115527
3 0.621438263229308 0.8649932157394845 0.7313432835820897 0.8649932157394845 0.7313432835820897 0.9982554758674163 0.621438263229308 0.9982554758674163
3 0.6811397557666214 0.2229114169412677 0.7883310719131614 0.2229114169412677 0.7883310719131614 0.42886218259352593 0.6811397557666214 0.42886218259352593
3 0.5400271370420624 0.4458228338825354 0.6865671641791045 0.4458228338825354 0.6865671641791045 0.5645473929056019 0.5400271370420624 0.5645473929056019
3 0.45047489823609227 0.41674743167280476 0.5400271370420624 0.41674743167280476 0.5400271370420624 0.5936227951153324 0.45047489823609227 0.5936227951153324
3 0.9348710990502034 0.28106222136072884 1.0 0.28106222136072884 1.0 0.4942818375654197 0.9348710990502034 0.4942818375654197
