3 0.5839050927953441 0.7981859410430839 0.6922717584888033 0.7981859410430839 0.6922717584888033 0.8979591836734694 0.5839050927953441 0.8979591836734694
0 0.43346666277383616 0.6145124716553289 0.4844627407472287 0.6145124716553289 0.4844627407472287 0.689342403628118 0.43346666277383616 0.689342403628118
0 0.3008768600430157 0.653061224489796 0.36079725166175197 0.653061224489796 0.36079725166175197 0.7346938775510204 0.3008768600430157 0.7346938775510204
0 0.13386470468015532 0.32199546485260766 0.16191254756552118 0.32199546485260766 0.16191254756552118 0.3741496598639456 0.13386470468015532 0.3741496598639456
0 0.6999211701848121 0.272108843537415 0.7164948955261646 0.272108843537415 0.7164948955261646 0.2947845804988662 0.6999211701848121 0.2947845804988662
0 0.673148229248781 0.2471655328798186 0.6858972487421291 0.2471655328798186 0.6858972487421291 0.2562358276643991 0.673148229248781 0.2562358276643991
0 0.38119568285110894 0.2290249433106576 0.4041439179391356 0.2290249433106576 0.4041439179391356 0.26757369614512466 0.38119568285110894 0.26757369614512466
0 0.7164948955261646 0.24263038548752835 0.7305188169688477 0.24263038548752835 0.7305188169688477 0.2653061224489796 0.7164948955261646 0.2653061224489796
0 0.6871721506914639 0.2290249433106576 0.7062956799314861 0.2290249433106576 0.7062956799314861 0.2562358276643991 0.6871721506914639 0.2562358276643991
0 0.6068533278833708 0.2222222222222222 0.6234270532247234 0.2222222222222222 0.6234270532247234 0.23809523809523805 0.6068533278833708 0.23809523809523805
