2 0.6343949044585987 0.416287534121929 0.7401273885350318 0.416287534121929 0.7401273885350318 0.5277525022747952 0.6343949044585987 0.5277525022747952
2 0.7414012738853502 0.27752502274795265 0.8203821656050955 0.27752502274795265 0.8203821656050955 0.4777070063694267 0.7414012738853502 0.4777070063694267
2 0.6878980891719745 0.5300272975432212 0.8 0.5300272975432212 0.8 0.6301182893539582 0.6878980891719745 0.6301182893539582
2 0.3257614153226124 0.6211592325596459 0.4683794004644033 0.5722616376538944 0.4767863553780237 0.6504513224904029 0.3341683702362328 0.6993489173961545
2 0.26233043191004457 0.28613861787739714 0.3574325693110191 0.15998272132508867 0.3809816700007834 0.2165911364447166 0.2858795325998089 0.3427470329970251
2 0.3103509291130493 0.32840660706998676 0.40703202955131845 0.27085833299958995 0.4183114912691162 0.33128402077350827 0.32163039083084705 0.38883229484390514
2 0.4458377836525211 0.9088535713536404 0.5615455841135251 0.8455342105022853 0.5719966112519382 0.9064330528501822 0.45628881079093425 0.9697524137015373
2 0.8598726114649683 0.018198362147406732 0.9337579617834395 0.018198362147406732 0.9337579617834395 0.13193812556869888 0.8598726114649683 0.13193812556869888
2 0.6063694267515923 0.05004549590536854 0.6878980891719745 0.05004549590536854 0.6878980891719745 0.22747952684258413 0.6063694267515923 0.22747952684258413
2 0.31499708897236056 0.45063811468737247 0.4381116599799023 0.3838987107610931 0.44551246516776694 0.4274328589250047 0.32239789416022524 0.49417226285128407
2 0.3357620557075064 0.5037820962003905 0.4561076309739976 0.44449856158635886 0.46423794429249343 0.497127821906982 0.3438923690260022 0.5564113565210136
2 0.3190977175325297 0.7521513465244176 0.4157610218402233 0.7099570496794481 0.4226357513435979 0.7601782910940106 0.3259724470359043 0.8023725879389803
2 0.29554140127388545 0.8189262966333023 0.3949044585987259 0.8189262966333023 0.3949044585987259 0.8917197452229301 0.29554140127388545 0.8917197452229301
2 0.2267515923566879 0.4868061874431301 0.32611464968152865 0.4868061874431301 0.32611464968152865 0.5573248407643313 0.2267515923566879 0.5573248407643313
2 0.05771252619450249 0.45460652408110197 0.1660425212898627 0.537861945266505 0.1504310748005638 0.6026363293344996 0.0421010797052036 0.5193809081490967
2 0.009077893404849612 0.16994995692282638 0.12389149976864942 0.2180957781627426 0.11486354817980943 0.286746945628353 4.994181600962211e-05 0.2386011243884368
2 0.17452229299363053 0.44358507734303887 0.29171974522292987 0.44358507734303887 0.29171974522292987 0.5141037306642401 0.17452229299363053 0.5141037306642401
