3 0.10063694267515924 0.24340309372156504 0.3070063694267516 0.24340309372156504 0.3070063694267516 0.40263876251137404 0.10063694267515924 0.40263876251137404
3 0.2246380134703677 -8.881784197001251e-18 0.2928566329763194 0.028523464601786976 0.25306899289906304 0.3319634279886508 0.18485037339311128 0.3034399633868638
3 0.21394541509038148 0.11691851342439662 0.402159554676379 0.058014971948666165 0.4153539479669426 0.19245364308152157 0.22713980838094508 0.25135718455725203
3 0.15286624203821655 0.6960873521383075 0.21528662420382166 0.6960873521383075 0.21528662420382166 0.9667879890809826 0.15286624203821655 0.9667879890809826
3 0.19363057324840768 0.6824385805277524 0.23949044585987272 0.6824385805277524 0.23949044585987272 0.9349408553230208 0.19363057324840768 0.9349408553230208
3 0.24458598726114653 0.45040946314831665 0.31337579617834393 0.45040946314831665 0.31337579617834393 0.8052775250227479 0.24458598726114653 0.8052775250227479
3 0.5426751592356688 0.7961783439490444 0.6076433121019108 0.7961783439490444 0.6076433121019108 0.9986351228389443 0.5426751592356688 0.9986351228389443
3 0.6012738853503184 0.5618744313011829 0.6751592356687898 0.5618744313011829 0.6751592356687898 0.8962693357597815 0.6012738853503184 0.8962693357597815
3 0.2267515923566879 0.8530482256596906 0.4191082802547771 0.8530482256596906 0.4191082802547771 0.9690627843494086 0.2267515923566879 0.9690627843494086
3 0.5375796178343949 0.6050955414012739 0.5961783439490446 0.6050955414012739 0.5961783439490446 0.8780709736123748 0.5375796178343949 0.8780709736123748
3 0.4828025477707007 0.21155595996360327 0.6331210191082802 0.21155595996360327 0.6331210191082802 0.3389444949954504 0.4828025477707007 0.3389444949954504
3 0.6038216560509554 0.27752502274795265 0.6993630573248406 0.27752502274795265 0.6993630573248406 0.4026387625113739 0.6038216560509554 0.4026387625113739
3 0.7533715988133939 0.29111971336358383 0.815916412573371 0.35238810235294427 0.7319787196579471 0.6256227798120284 0.66943390589797 0.5643543908226679
3 0.7581926581248397 0.4869129189359065 0.7997501014876803 0.5215441217382717 0.7577309087541438 0.6823318490349768 0.7161734653913032 0.6477006462326116
3 0.8063694267515925 0.6255686988171064 0.9477707006369426 0.6255686988171064 0.9477707006369426 0.9235668789808916 0.8063694267515925 0.9235668789808916
3 0.746980756151256 0.24136443414676836 0.8372708930121958 0.1521720497096697 0.8619364413009737 0.23179298168580717 0.7716463044400339 0.32098536612290585
3 0.5821656050955414 0.0 0.694267515923567 0.0 0.694267515923567 0.16606005459508644 0.5821656050955414 0.16606005459508644
