2 0.5246170678336981 0.737417943107221 0.6656079048140044 0.737417943107221 0.6656079048140044 0.7833698030634574 0.5246170678336981 0.7833698030634574
2 0.5033044994529541 0.5929978118161926 0.6295404814004377 0.5929978118161926 0.6295404814004377 0.6542669584245077 0.5033044994529541 0.6542669584245077
2 0.23935653719912472 0.5382932166301969 0.3655925191466084 0.5382932166301969 0.3655925191466084 0.5995623632385121 0.23935653719912472 0.5995623632385121
2 0.2147651121444202 0.42888402625820565 0.3410010940919038 0.42888402625820565 0.3410010940919038 0.49015317286652077 0.2147651121444202 0.49015317286652077
2 0.24755367888402632 0.32385120350109403 0.37378966083151 0.32385120350109403 0.37378966083151 0.38512035010940915 0.24755367888402632 0.38512035010940915
2 0.32132795404814013 0.3916849015317287 0.44756393599562383 0.3916849015317287 0.44756393599562383 0.4529540481400438 0.32132795404814013 0.4529540481400438
2 0.35739537746170685 0.35667396061269147 0.4836313594091905 0.35667396061269147 0.4836313594091905 0.4179431072210065 0.35739537746170685 0.4179431072210065
2 0.32132795404814013 0.29978118161925604 0.44756393599562383 0.29978118161925604 0.44756393599562383 0.3610503282275711 0.32132795404814013 0.3610503282275711
2 0.39674165754923424 0.2538293216630197 0.5229776394967179 0.2538293216630197 0.5229776394967179 0.31509846827133475 0.39674165754923424 0.31509846827133475
2 0.47871307439824945 0.3041575492341357 0.6049490563457331 0.3041575492341357 0.6049490563457331 0.3654266958424508 0.47871307439824945 0.3654266958424508
2 0.5787182029540482 0.29321663019693656 0.7049541849015318 0.29321663019693656 0.7049541849015318 0.3544857768052517 0.5787182029540482 0.3544857768052517
2 0.6180644830415756 0.41137855579868715 0.7443004649890592 0.41137855579868715 0.7443004649890592 0.47264770240700227 0.6180644830415756 0.47264770240700227
2 0.5229776394967178 0.38949671772428895 0.6492136214442015 0.38949671772428895 0.6492136214442015 0.45076586433260407 0.5229776394967178 0.45076586433260407
2 0.3869050875273524 0.44201312910284474 0.5131410694748361 0.44201312910284474 0.5131410694748361 0.5032822757111598 0.3869050875273524 0.5032822757111598
2 0.34755880743982503 0.5689277899343546 0.4737947893873087 0.5689277899343546 0.4737947893873087 0.6301969365426696 0.34755880743982503 0.6301969365426696
2 0.41805422592997826 0.6083150984682715 0.5442902078774619 0.6083150984682715 0.5442902078774619 0.6695842450765865 0.41805422592997826 0.6695842450765865
