3 0.85573616755236 0.6389496717724289 1.0 0.6389496717724289 1.0 0.9212253829321662 0.85573616755236 0.9212253829321662
3 0.5392310096905283 0.5995623632385121 0.722882150672085 0.5995623632385121 0.722882150672085 0.9080962800875274 0.5392310096905283 0.9080962800875274
3 0.0859643638637074 0.3741794310722101 0.2696155048452641 0.3741794310722101 0.2696155048452641 0.6455142231947484 0.0859643638637074 0.6455142231947484
3 0.08205689277899345 0.2888402625820569 0.5157861831822445 0.2888402625820569 0.5157861831822445 0.34792122538293224 0.08205689277899345 0.34792122538293224
3 0.03516723976242576 0.1925601750547046 0.2539856205064082 0.1925601750547046 0.2539856205064082 0.3785557986870897 0.03516723976242576 0.3785557986870897
3 0.007814942169427946 0.5361050328227571 0.29306033135354803 0.5361050328227571 0.29306033135354803 0.7089715536105032 0.007814942169427946 0.7089715536105032
3 0.6330103157236636 0.26258205689277897 0.9964051266020629 0.26258205689277897 0.9964051266020629 0.3172866520787746 0.6330103157236636 0.3172866520787746
3 0.869253988034235 0.22744969347232152 0.9999999999999998 0.256511677807994 0.8125963311687778 0.5209091686720971 0.681850319203013 0.49184718433642466
3 0.0 0.0 0.4728040012503908 0.0 0.4728040012503908 0.14442013129102846 0.0 0.14442013129102846
3 0.2735229759299781 0.13785557986870897 0.586120662707096 0.13785557986870897 0.586120662707096 0.20568927789934355 0.2735229759299781 0.20568927789934355
