3 0.4921733067233037 0.6362773200393859 0.6525853474331214 0.6362773200393859 0.6525853474331214 0.6862967109152652 0.4921733067233037 0.6862967109152652
3 0.5195162682079317 0.5341969304967746 0.678105444818774 0.5341969304967746 0.678105444818774 0.5872787330589324 0.5195162682079317 0.5872787330589324
3 0.17864068169956954 0.6056532031766025 0.33722985831041186 0.6056532031766025 0.33722985831041186 0.6587350057387603 0.17864068169956954 0.6587350057387603
3 0.014582912791801596 0.5770706941046714 0.15494344841289193 0.5770706941046714 0.15494344841289193 0.6393397317256643 0.014582912791801596 0.6393397317256643
3 0.1859321380954703 0.5393009499739053 0.3609270915970894 0.5393009499739053 0.3609270915970894 0.5903411447452109 0.1859321380954703 0.5903411447452109
3 0.38827005308171747 0.5188848720653831 0.5122248118120311 0.5188848720653831 0.5122248118120311 0.571966674627541 0.38827005308171747 0.571966674627541
3 0.7218541831941789 0.3688266994377447 0.831226029132691 0.3688266994377447 0.831226029132691 0.45865744223524246 0.7218541831941789 0.45865744223524246
3 0.44842456834789907 0.27899595664024684 0.6051908808597662 0.27899595664024684 0.6051908808597662 0.35555624879720515 0.44842456834789907 0.35555624879720515
3 0.24061806106472633 0.27695434884939457 0.39556150947761826 0.27695434884939457 0.39556150947761826 0.3494314254246486 0.24061806106472633 0.3494314254246486
3 0.18957786629342072 0.35861866048348356 0.3627499556960647 0.35861866048348356 0.3627499556960647 0.41578367862734583 0.18957786629342072 0.41578367862734583
3 0.28254393534115585 0.3984300124051019 0.39738437357659345 0.3984300124051019 0.39738437357659345 0.4790735201437647 0.28254393534115585 0.4790735201437647
3 0.07109169986003276 0.3820971500782841 0.1348919433241647 0.3820971500782841 0.1348919433241647 0.4882607552025997 0.07109169986003276 0.4882607552025997
