4 0.24799416484318015 0.5908096280087527 0.39387308533916854 0.5908096280087527 0.39387308533916854 0.6717724288840261 0.24799416484318015 0.6717724288840261
4 0.563092633114515 0.6783369803063457 0.7293946024799417 0.6783369803063457 0.7293946024799417 0.7789934354485778 0.563092633114515 0.7789934354485778
4 0.5514223194748359 0.8599562363238512 0.7964989059080961 0.8599562363238512 0.7964989059080961 0.9562363238512035 0.5514223194748359 0.9562363238512035
4 0.058351568198395334 0.8927789934354486 0.29175784099197666 0.8927789934354486 0.29175784099197666 0.9934354485776805 0.058351568198395334 0.9934354485776805
4 0.21298322392414296 0.3479212253829322 0.3413566739606127 0.3479212253829322 0.3413566739606127 0.42231947483588617 0.21298322392414296 0.42231947483588617
4 0.7556528081692195 0.4529540481400438 0.8840262582056893 0.4529540481400438 0.8840262582056893 0.5557986870897156 0.7556528081692195 0.5557986870897156
4 0.8811086797957697 0.2144420131291028 1.0000000000000002 0.2144420131291028 1.0000000000000002 0.29759299781181614 0.8811086797957697 0.29759299781181614
4 0.2013129102844639 0.20350109409190373 0.29175784099197666 0.20350109409190373 0.29175784099197666 0.2538293216630197 0.2013129102844639 0.2538293216630197
4 0.47556528081692195 0.3413566739606127 0.6156090444930707 0.3413566739606127 0.6156090444930707 0.4113785557986871 0.47556528081692195 0.4113785557986871
4 0.38803792851932895 0.424507658643326 0.5572574762946753 0.424507658643326 0.5572574762946753 0.5229759299781181 0.38803792851932895 0.5229759299781181
4 0.055433989788475566 0.2910284463894967 0.18964259664478486 0.2910284463894967 0.18964259664478486 0.36105032822757116 0.055433989788475566 0.36105032822757116
4 0.6156090444930707 0.2800875273522976 0.7235594456601021 0.2800875273522976 0.7235594456601021 0.36323851203501095 0.6156090444930707 0.36323851203501095
4 0.14587892049598833 0.6958424507658644 0.312180889861415 0.6958424507658644 0.312180889861415 0.787746170678337 0.14587892049598833 0.787746170678337
4 0.13129102844638948 0.5492341356673961 0.23340627279358134 0.5492341356673961 0.23340627279358134 0.6411378555798687 0.13129102844638948 0.6411378555798687
