3 0.8524270563089247 0.25164113785557984 0.9589804383475404 0.25164113785557984 0.9589804383475404 0.487964989059081 0.8524270563089247 0.487964989059081
3 0.5999101372311096 0.2778993435448577 0.6816497179730615 0.2778993435448577 0.6816497179730615 0.4638949671772428 0.5999101372311096 0.4638949671772428
3 0.6918671655658052 0.288840262582057 0.7794452877893248 0.288840262582057 0.7794452877893248 0.49671772428884037 0.6918671655658052 0.49671772428884037
3 0.25543618981859906 0.44857768052516406 0.46854295389583017 0.44857768052516406 0.46854295389583017 0.5536105032822757 0.25543618981859906 0.5536105032822757
3 0.5707174298232699 0.12035010940919036 0.6758111764914935 0.12035010940919036 0.6758111764914935 0.2735229759299781 0.5707174298232699 0.2735229759299781
3 0.807178359826773 0.08971553610503284 0.9473033553844045 0.08971553610503284 0.9473033553844045 0.22538293216630198 0.807178359826773 0.22538293216630198
3 0.8757812222351967 0.7614879649890591 1.0 0.7614879649890591 1.0 0.9168490153172869 0.8757812222351967 0.9168490153172869
3 0.05108723796371981 0.687089715536105 0.19851041037331127 0.687089715536105 0.19851041037331127 0.9080962800875275 0.05108723796371981 0.9080962800875275
3 0.22624348241075914 0.5820568927789934 0.4232942574136784 0.5820568927789934 0.4232942574136784 0.6936542669584245 0.22624348241075914 0.6936542669584245
3 0.0 0.3216630196936542 0.14012499555763147 0.3216630196936542 0.14012499555763147 0.5317286652078774 0.0 0.5317286652078774
