3 0.39484396200814104 0.07270465852555404 0.5563093622795114 0.07270465852555404 0.5563093622795114 0.2447723503693653 0.39484396200814104 0.2447723503693653
3 0.10595509429526041 0.5870987905102539 0.23594789292099522 0.47423274370963353 0.27035383186077805 0.6006499936426677 0.14036103323504326 0.7135160404432881
3 0.23892660040109484 0.4247250531365166 0.36891939902682963 0.31185900633589625 0.40332533796661246 0.4382762562689304 0.2733325393408777 0.5511423030695508
3 0.0778456662584913 0.8213048212604391 0.22916363240539162 0.689923230668777 0.26356957134517434 0.8163404806018113 0.11225160519827403 0.9477220711934734
3 0.35464349529512623 0.8735827500669657 0.5059614614420266 0.7422011594753036 0.5403674003818092 0.8686184094083379 0.38904943423490895 1.0
3 0.6314413243317611 0.7645257622786346 0.7827592904786613 0.6331441716869726 0.817165229418444 0.7595614216200068 0.6658472632715439 0.8909430122116688
3 0.2863318494363786 0.6626605762143387 0.4194197085316994 0.4788088134998266 0.4675664275159982 0.5899958825222339 0.3344785684206774 0.7738476452367459
3 0.47086373546080196 0.5923794063063031 0.6039515945561228 0.4085276435917911 0.6520983135404216 0.5197147126141983 0.5190104544451007 0.7035664753287104
3 0.4545815102233529 0.39365333966978905 0.570530414629838 0.23347786908324386 0.6186771336141369 0.3446649381056508 0.5027282292076518 0.504840408692196
3 0.7005745508896735 0.4451831629558051 0.7927385842356284 0.3178648628139652 0.8408853032199273 0.42905193183637225 0.7487212698739725 0.5563702319782122
3 0.6390773405698777 0.44592190562339806 0.7530529172320216 0.44592190562339806 0.7530529172320216 0.5767902909693954 0.6390773405698777 0.5767902909693954
3 0.7693351424694707 0.5428614503241368 0.9497964721845317 0.5428614503241368 0.9497964721845317 0.6931177446102819 0.7693351424694707 0.6931177446102819
3 0.5495251017639077 0.8869968340117593 0.7177747625508817 0.8869968340117593 0.7177747625508817 0.9863598673300165 0.5495251017639077 0.9863598673300165
3 0.28904555364262013 0.8201873363530391 0.42213341273794097 0.636335573638527 0.47028013172223976 0.7475226426609343 0.3371922726269189 0.9313744053754464
3 0.6404702483508968 0.18385176271451228 0.7735581074462177 1.9737298215558337e-16 0.8217048264305165 0.11118706902240741 0.6886169673351956 0.2950388317369195
3 0.130257801899593 0.007270465852555401 0.2103120759837177 0.007270465852555401 0.2103120759837177 0.1963025780189958 0.130257801899593 0.1963025780189958
3 0.49935762962633773 0.8056464046479284 0.6324454887216585 0.6217946419334163 0.6805922077059573 0.7329817109558234 0.5475043486106365 0.9168334736703356
