0 0.5389941192560175 0.42888402625820565 0.608011658916849 0.42888402625820565 0.608011658916849 0.6083150984682714 0.5389941192560175 0.6083150984682714
0 0.6196526473566866 0.5148094290772995 0.6822815729034165 0.5786599851613509 0.5963706704770113 0.728078973548522 0.5337417449302814 0.6642284174644708
0 1.1617952509573304 0.8687089715536105 1.323590501914661 0.8687089715536105 1.323590501914661 0.9452954048140044 1.1617952509573304 0.9452954048140044
3 0.29907600519693656 0.7286652078774617 0.4009590399343545 0.7286652078774617 0.4009590399343545 0.8008752735229759 0.29907600519693656 0.8008752735229759
3 0.1824034976750547 0.6192560175054704 0.26292396061269147 0.6192560175054704 0.26292396061269147 0.7461706783369803 0.1824034976750547 0.7461706783369803
3 0.8610759710065645 0.6914660831509846 0.9268069611597373 0.6914660831509846 0.9268069611597373 0.8424507658643327 0.8610759710065645 0.8424507658643327
3 0.8824385428063457 0.5404814004376368 0.9826783027899344 0.5404814004376368 0.9826783027899344 0.663019693654267 0.8824385428063457 0.663019693654267
3 0.7263274411925602 0.37199124726477023 0.8413566739606128 0.37199124726477023 0.8413566739606128 0.47921225382932164 0.7263274411925602 0.47921225382932164
3 0.41739178747264766 0.33698030634573306 0.5192748222100655 0.33698030634573306 0.5192748222100655 0.4398249452954048 0.41739178747264766 0.4398249452954048
3 0.5587134163019694 0.20568927789934358 0.6720993743161926 0.20568927789934358 0.6720993743161926 0.26258205689277897 0.5587134163019694 0.26258205689277897
3 0.5274911959792122 0.28227571115973743 0.6047251094091903 0.28227571115973743 0.6047251094091903 0.36323851203501095 0.5274911959792122 0.36323851203501095
