3 0.4093158476789765 0.6419854698219004 0.5104019477130558 0.6419854698219004 0.5104019477130558 0.6614735441891263 0.4093158476789765 0.6614735441891263
3 0.6015451526618157 0.6048653281700418 0.7291456395900797 0.6048653281700418 0.7291456395900797 0.6243534025372676 0.6015451526618157 0.6243534025372676
3 0.7954316068255414 0.5528971298574398 0.8832605134125283 0.5528971298574398 0.8832605134125283 0.5816652396376302 0.7954316068255414 0.5816652396376302
3 0.6197737936515677 0.5491851156922539 0.720859893685647 0.5491851156922539 0.720859893685647 0.5918732785918913 0.6197737936515677 0.5918732785918913
3 0.7291456395900798 0.4508167403148286 0.8120030986344071 0.4508167403148286 0.8120030986344071 0.4962889138383554 0.7291456395900798 0.4962889138383554
3 0.6744597166208237 0.491648896131873 0.7556600264842646 0.491648896131873 0.7556600264842646 0.5380490731966964 0.6744597166208237 0.5380490731966964
3 0.7804990026046846 0.5019485389756131 0.8247870425903385 0.5096989459731026 0.7971070175993049 0.5593015507570349 0.7528189776136509 0.5515511437595455
3 0.48057326245709797 0.5992973069222629 0.5468592296925598 0.5992973069222629 0.5468592296925598 0.6401294627393073 0.48057326245709797 0.6401294627393073
3 0.27674391320805297 0.547329108609661 0.37617286406124567 0.547329108609661 0.37617286406124567 0.585377253802816 0.27674391320805297 0.585377253802816
3 0.4424588312967074 0.46659280051686847 0.5369163346072405 0.46659280051686847 0.5369163346072405 0.5139209811229882 0.4424588312967074 0.5139209811229882
3 0.42423019030695547 0.5566091440226256 0.4888590083615307 0.5566091440226256 0.4888590083615307 0.5983693033809665 0.42423019030695547 0.5983693033809665
3 0.42423019030695547 0.5185609988294706 0.5153733952557155 0.5185609988294706 0.5153733952557155 0.5519691263161431 0.42423019030695547 0.5519691263161431
3 0.3480013279861744 0.5259850271598423 0.4192587427642958 0.5259850271598423 0.4192587427642958 0.5779532254724443 0.3480013279861744 0.5779532254724443
