0 0.45807665916609475 0.46102449888641417 0.5672157289674126 0.46102449888641417 0.5672157289674126 0.576837416481069 0.45807665916609475 0.576837416481069
3 0.4626881691576997 0.5857461024498886 0.565678558970211 0.5857461024498886 0.565678558970211 0.6926503340757237 0.4626881691576997 0.6926503340757237
3 0.335103059389962 0.6748329621380846 0.4365562792052716 0.6748329621380846 0.4365562792052716 0.8530066815144766 0.335103059389962 0.8530066815144766
3 0.2597817295270806 0.6971046770601336 0.3919783492864234 0.6971046770601336 0.3919783492864234 0.8886414253897548 0.2597817295270806 0.8886414253897548
3 0.27822776949350053 0.3162587642480217 0.411961559250045 0.3162587642480217 0.411961559250045 0.5278400560074872 0.27822776949350053 0.5278400560074872
3 0.25517021953547564 0.49220489977728277 0.38890400929202007 0.49220489977728277 0.38890400929202007 0.6837416481069041 0.25517021953547564 0.6837416481069041
3 0.7639734886092252 0.8463251670378618 0.8962180980202752 0.8463251670378618 0.8962180980202752 0.9999999999999999 0.7639734886092252 0.9999999999999999
3 0.8162372685140817 0.19599109131403117 0.9468967182762228 0.19599109131403117 0.9468967182762228 0.4097995545657016 0.8162372685140817 0.4097995545657016
2 0.5825874289394293 0.25835189309576834 0.6148679988806641 0.25835189309576834 0.6148679988806641 0.3184855233853006 0.5825874289394293 0.3184855233853006
2 0.3612349493423902 0.22271714922048996 0.4380934492024732 0.22271714922048996 0.4380934492024732 0.28953229398663693 0.3612349493423902 0.28953229398663693
3 0.5533811989925977 0.38530066815144753 0.6686689487827223 0.38530066815144753 0.6686689487827223 0.5857461024498886 0.5533811989925977 0.5857461024498886
3 0.6732804587743273 0.6881959910913139 0.8131629285196784 0.6881959910913139 0.8131629285196784 0.8619153674832962 0.6732804587743273 0.8619153674832962
3 0.6778919687659323 0.4231625835189309 0.8439063284637117 0.4231625835189309 0.8439063284637117 0.5723830734966591 0.6778919687659323 0.5723830734966591
3 0.8731125584105431 0.532293986636971 1.0 0.532293986636971 1.0 0.7169326748242622 0.8731125584105431 0.7169326748242622
2 0.9668799282398444 0.3674832962138084 1.0 0.3674832962138084 1.0 0.44521775277526443 0.9668799282398444 0.44521775277526443
3 0.7070981987127638 0.26948775055679286 0.8131629285196784 0.26948775055679286 0.8131629285196784 0.4766146993318484 0.7070981987127638 0.4766146993318484
