4 0.48917197452229305 0.7468718678263119 0.5388535031847135 0.7468718678263119 0.5388535031847135 0.8079795661030101 0.48917197452229305 0.8079795661030101
4 0.23312101910828026 0.7944000775970772 0.28280254777070063 0.7944000775970772 0.28280254777070063 0.8396650392835202 0.23312101910828026 0.8396650392835202
4 0.7414012738853503 0.8011898218500435 0.7796178343949045 0.8011898218500435 0.7796178343949045 0.8577710239580976 0.7414012738853503 0.8577710239580976
4 0.7783439490445861 0.9392479549936953 0.8267515923566879 0.9392479549936953 0.8267515923566879 0.9958291571017491 0.7783439490445861 0.9958291571017491
4 0.9414012738853504 0.8011898218500435 0.9859872611464969 0.8011898218500435 0.9859872611464969 0.8713505124640305 0.9414012738853504 0.8713505124640305
4 0.1286624203821656 0.5952342461767274 0.16687898089171974 0.5952342461767274 0.16687898089171974 0.633709463610204 0.1286624203821656 0.633709463610204
4 0.4942675159235668 0.6156034789356267 0.5286624203821656 0.6156034789356267 0.5286624203821656 0.6608684406220698 0.4942675159235668 0.6608684406220698
4 0.4713375796178344 0.4503863687801093 0.4968152866242039 0.4503863687801093 0.4968152866242039 0.488861586213586 0.4713375796178344 0.488861586213586
4 0.45859872611464975 0.5635487729962171 0.4777070063694268 0.5635487729962171 0.4777070063694268 0.5997607423453717 0.45859872611464975 0.5997607423453717
4 0.4318471337579618 0.5160205632254519 0.45605095541401286 0.5160205632254519 0.45605095541401286 0.5590222768275728 0.4318471337579618 0.5590222768275728
