2 0.043010752688172046 0.46100769474768427 0.1213517665130568 0.46100769474768427 0.1213517665130568 0.6393875565344767 0.043010752688172046 0.6393875565344767
2 0.26881720430107525 0.09034824168421954 0.3824884792626728 0.09034824168421954 0.3824884792626728 0.22007905025643218 0.26881720430107525 0.22007905025643218
2 0.5606758832565284 0.14594715964373925 0.6758832565284179 0.14594715964373925 0.6758832565284179 0.2965275624507718 0.5606758832565284 0.2965275624507718
2 0.2119817626884683 0.3891924072238101 0.3195086444088984 0.3891924072238101 0.3195086444088984 0.4540578115099164 0.2119817626884683 0.4540578115099164
2 0.261136712749616 0.27799458979759856 0.3824884792626728 0.27799458979759856 0.3824884792626728 0.3498098588286449 0.261136712749616 0.3498098588286449
2 0.27841738589344567 0.4616173672960023 0.319502157225172 0.5139156588808247 0.23924784260900755 0.6573106347253987 0.19816307127728122 0.6050123431405763
2 0.4608349284298794 0.42302108922990844 0.6006198746664386 0.42302108922990844 0.6006198746664386 0.5640284988549367 0.4608349284298794 0.5640284988549367
2 0.3675125079347639 0.5241666493068136 0.40859727926649025 0.576464940891636 0.32834296465032575 0.7198599167362099 0.2872581933185994 0.6675616251513875
2 0.9589152286682737 0.27860280141251786 1.0 0.3309010929973403 0.9197456853838356 0.4742960688419143 0.8786609140521092 0.4219977772570918
2 0.5529785470361464 0.6107439687684563 0.6033730312076261 0.5824932201872444 0.6467252019205356 0.7583811612961883 0.5963307177490559 0.7866319098774002
2 0.4191444857388737 0.3541091089976412 0.4541326203717337 0.41567180586976654 0.35966161771227045 0.5377881657252586 0.32467348307941046 0.47622546885313316
2 0.4331790379636329 0.6579207326087562 0.4807980855826806 0.6579207326087562 0.4807980855826806 0.827034108068962 0.4331790379636329 0.827034108068962
2 0.7373271889400922 0.7899679593415092 0.9047619047619048 0.7899679593415092 0.9047619047619048 0.8502001204643223 0.7373271889400922 0.8502001204643223
2 0.5391705069124424 0.9011657952605486 0.674347158218126 0.9011657952605486 0.674347158218126 0.9752976858732415 0.5391705069124424 0.9752976858732415
2 0.511520737327189 0.6671870155142365 0.5683563748079877 0.6671870155142365 0.5683563748079877 0.8548333636276155 0.511520737327189 0.8548333636276155
