3 0.5847133757961783 0.2762915782024062 0.6012738853503184 0.2762915782024062 0.6012738853503184 0.3125265392781316 0.5847133757961783 0.3125265392781316
3 0.4968152866242039 0.31026185421089875 0.513375796178344 0.31026185421089875 0.513375796178344 0.3464968152866242 0.4968152866242039 0.3464968152866242
3 0.464968152866242 0.4325548478414721 0.4815286624203821 0.4325548478414721 0.4815286624203821 0.46878980891719757 0.464968152866242 0.46878980891719757
3 0.4904458598726114 0.21288039631988678 0.5070063694267516 0.21288039631988678 0.5070063694267516 0.24911535739561225 0.4904458598726114 0.24911535739561225
3 0.5643312101910828 0.9126680820948336 0.5808917197452229 0.9126680820948336 0.5808917197452229 0.9489030431705591 0.5643312101910828 0.9489030431705591
3 0.3949044585987262 0.8152866242038216 0.4114649681528663 0.8152866242038216 0.4114649681528663 0.851521585279547 0.3949044585987262 0.851521585279547
3 0.4382165605095542 0.6952583156404812 0.45477707006369433 0.6952583156404812 0.45477707006369433 0.7314932767162067 0.4382165605095542 0.7314932767162067
3 0.4254777070063695 0.3578202406227884 0.4420382165605096 0.3578202406227884 0.4420382165605096 0.3940552016985138 0.4254777070063695 0.3940552016985138
3 0.5235668789808917 0.04076433121019108 0.5401273885350318 0.04076433121019108 0.5401273885350318 0.07699929228591654 0.5235668789808917 0.07699929228591654
3 0.5656050955414013 0.41217268223637654 0.5821656050955414 0.41217268223637654 0.5821656050955414 0.44840764331210203 0.5656050955414013 0.44840764331210203
3 0.3643312101910828 0.6680820948336872 0.3808917197452229 0.6680820948336872 0.3808917197452229 0.7043170559094126 0.3643312101910828 0.7043170559094126
