3 0.23783557046979864 0.38926174496644295 0.2854026845637584 0.38926174496644295 0.2854026845637584 0.4496644295302014 0.23783557046979864 0.4496644295302014
3 0.40092281879194636 0.1912751677852349 0.44848993288590605 0.1912751677852349 0.44848993288590605 0.2516778523489933 0.40092281879194636 0.2516778523489933
3 0.6659395973154364 0.34563758389261745 0.7135067114093961 0.34563758389261745 0.7135067114093961 0.40604026845637586 0.6659395973154364 0.40604026845637586
3 0.7067114093959732 0.4295302013422819 0.7542785234899329 0.4295302013422819 0.7542785234899329 0.48993288590604034 0.7067114093959732 0.48993288590604034
3 0.37374161073825507 0.6543624161073825 0.4158724832214765 0.6543624161073825 0.4158724832214765 0.7080536912751679 0.37374161073825507 0.7080536912751679
3 0.3628691275167785 0.5201342281879194 0.39820469798657715 0.5201342281879194 0.39820469798657715 0.5906040268456376 0.3628691275167785 0.5906040268456376
3 0.2731711409395973 0.9194630872483223 0.3057885906040268 0.9194630872483223 0.3057885906040268 0.9899328859060403 0.2731711409395973 0.9899328859060403
3 0.5082885906040269 0.3087248322147651 0.5449832214765101 0.3087248322147651 0.5449832214765101 0.3523489932885906 0.5082885906040269 0.3523489932885906
3 0.41451342281879194 0.2986577181208054 0.44305369127516786 0.2986577181208054 0.44305369127516786 0.36577181208053694 0.41451342281879194 0.36577181208053694
3 0.31394295302013425 0.4295302013422819 0.34656040268456373 0.4295302013422819 0.34656040268456373 0.4865771812080537 0.31394295302013425 0.4865771812080537
3 0.5667281879194631 0.587248322147651 0.5830369127516779 0.587248322147651 0.5830369127516779 0.681208053691275 0.5667281879194631 0.681208053691275
3 0.5178020134228188 0.4563758389261745 0.5504194630872483 0.4563758389261745 0.5504194630872483 0.48657718120805366 0.5178020134228188 0.48657718120805366
3 0.6183724832214765 0.3087248322147651 0.6346812080536913 0.3087248322147651 0.6346812080536913 0.3724832214765101 0.6183724832214765 0.3724832214765101
3 0.6034228187919464 0.2248322147651007 0.6197315436241612 0.2248322147651007 0.6197315436241612 0.30201342281879195 0.6034228187919464 0.30201342281879195
3 0.5286744966442953 0.20134228187919462 0.5490604026845638 0.20134228187919462 0.5490604026845638 0.2818791946308725 0.5286744966442953 0.2818791946308725
3 0.49333892617449665 0.21140939597315436 0.5178020134228188 0.21140939597315436 0.5178020134228188 0.2986577181208054 0.49333892617449665 0.2986577181208054
3 0.38733221476510077 0.738255033557047 0.42266778523489934 0.738255033557047 0.42266778523489934 0.8020134228187921 0.38733221476510077 0.8020134228187921
3 0.6686577181208054 0.889261744966443 0.6822483221476512 0.889261744966443 0.6822483221476512 0.9899328859060402 0.6686577181208054 0.9899328859060402
3 0.5667281879194631 0.3825503355704698 0.6047818791946309 0.3825503355704698 0.6047818791946309 0.4395973154362416 0.5667281879194631 0.4395973154362416
3 0.5096476510067114 0.3724832214765101 0.5313926174496644 0.3724832214765101 0.5313926174496644 0.44295302013422816 0.5096476510067114 0.44295302013422816
3 0.4253859060402685 0.7080536912751678 0.46208053691275175 0.7080536912751678 0.46208053691275175 0.7718120805369129 0.4253859060402685 0.7718120805369129
3 0.3710234899328859 0.3422818791946309 0.4022818791946309 0.3422818791946309 0.4022818791946309 0.40939597315436244 0.3710234899328859 0.40939597315436244
3 0.6836073825503355 0.21140939597315436 0.7189429530201341 0.21140939597315436 0.7189429530201341 0.2885906040268456 0.6836073825503355 0.2885906040268456
